{
  "model_name": "global",
  "accuracy": 0.8671722865634929,
  "f1_macro": 0.7996962433398787,
  "roc_auc": 0.921214953864228,
  "classification_report": {
    "<=50K": {
      "precision": 0.8829707426856714,
      "recall": 0.9514955537590946,
      "f1-score": 0.9159533073929961,
      "support": 7422.0
    },
    ">50K": {
      "precision": 0.7953382603752132,
      "recall": 0.5991434689507494,
      "f1-score": 0.6834391792867611,
      "support": 2335.0
    },
    "accuracy": 0.8671722865634929,
    "macro avg": {
      "precision": 0.8391545015304422,
      "recall": 0.775319511354922,
      "f1-score": 0.7996962433398787,
      "support": 9757.0
    },
    "weighted avg": {
      "precision": 0.8619989433421315,
      "recall": 0.8671722865634929,
      "f1-score": 0.8603091043461518,
      "support": 9757.0
    }
  }
}